Number of elements: 1152
maxAbsDiff info: maxAbsDiff = 43519.476562 (valNum = 43520.00000, gpuNum = 0.52490), average absDiff = nan
maxRelDiff info: maxRelDiff = 8.3e+06 (valNum = 0.0000001192, gpuNum = 0.9892578125), average relDiff = nan
RMS = nan
Histogram of relDiff: 
        relDiff = 0     : 471/1152 (40.885417%)
     0 < relDiff < 1e-06: 2/1152 (0.173611%)
1e-06 < relDiff <= 1e-05: 0/1152 (0.000000%)
1e-05 < relDiff <= 1e-04: 0/1152 (0.000000%)
1e-04 < relDiff <= 1e-03: 6/1152 (0.520833%)
1e-03 < relDiff <= 1e-02: 3/1152 (0.260417%)
1e-02 < relDiff <= 1e-01: 0/1152 (0.000000%)
1e-01 < relDiff <= 1e+00: 54/1152 (4.687500%)
1e+00 < relDiff < inf   : 127/1152 (11.024306%)
        relDiff = inf   : 489/1152 (42.447917%)
[0 0 0]
Unranked Memref base@ = 0x5645b11e7100 rank = 1 offset = 0 sizes = [1152] strides = [1] data = 
[0.995117,  0.988281,  0.988281,  0.977051,  0.986328,  0.995117,  0.99707,  0.97998,  0.980957,  0.994141,  0.996094,  0.993164,  0.999023,  0.991211,  0.991211,  0.983887,  0.994141,  0.996094,  0.99707,  0.98291,  0.984375,  0.995117,  0.981934,  0.995117,  0.973145,  0.962402,  0.941406,  0.950684,  0.943848,  0.988281,  0.977051,  0.902832,  0.944824,  0.957031,  0.97998,  0.954102,  0.993164,  0.976074,  0.945312,  0.924805,  0.970703,  0.964355,  0.980957,  0.956055,  0.949219,  0.97998,  0.958008,  0.980957,  0.996094,  0.994141,  0.984375,  0.98291,  0.985352,  0.995117,  0.996094,  0.978027,  0.987305,  0.992188,  0.995117,  0.986328,  0.999023,  0.992188,  0.991211,  0.983887,  0.993164,  0.996094,  0.99707,  0.989258,  0.990234,  0.995117,  0.988281,  0.993164,  0.976074,  0.959473,  0.964355,  0.961426,  0.956055,  0.990234,  0.984375,  0.960449,  0.94043,  0.969727,  0.987305,  0.953613,  0.992188,  0.965332,  0.961426,  0.935059,  0.977051,  0.980957,  0.992188,  0.974121,  0.955078,  0.985352,  0.976074,  0.96582,  0.994141,  0.984375,  0.96582,  0.979004,  0.981934,  0.994141,  0.996094,  0.973145,  0.976074,  0.991211,  0.992188,  0.976074,  0.99707,  0.984375,  0.97168,  0.981934,  0.991211,  0.990234,  0.995117,  0.983887,  0.97998,  0.993164,  0.984375,  0.989258,  5.36442e-06,  0,  1.19209e-07,  0,  -0.273438,  -0.161499,  100.312,  0,  0,  0,  0,  0,  0,  0,  0,  0,  0,  0,  0,  0,  0,  0,  0,  0,  0,  0,  0,  0,  0,  0,  100.312,  0,  6.19888e-05,  0,  0,  0,  8.58307e-06,  0,  0,  0,  0,  0,  0,  0,  0,  0,  0,  0,  -2192,  -0.163574,  100.312,  0,  -1024,  -0.163574,  100.312,  0,  0,  0,  0,  0,  0,  0,  0,  0,  -960,  -0.163574,  100.312,  0,  -1024,  -0.163574,  100.312,  0,  2.74181e-06,  0,  1.19209e-07,  0,  -0.273438,  -0.161499,  100.312,  0,  0,  0,  0,  0,  0,  0,  0,  0,  0,  0,  0,  0,  0,  0,  0,  0,  0,  0,  0,  0,  0,  0,  100.312,  0,  7.05719e-05,  0,  0,  0,  8.58307e-06,  0,  0,  0,  0,  0,  0,  0,  0,  0,  0,  0,  -888,  -0.163574,  100.312,  0,  -1168,  -0.163574,  100.312,  0,  0,  0,  0,  0,  0,  0,  0,  0,  -1040,  -0.163574,  100.312,  0,  -1168,  -0.163574,  100.312,  0,  2.5034e-06,  0,  1.19209e-07,  0,  -0.273438,  -0.161499,  100.312,  0,  0,  0,  0,  0,  0,  0,  0,  0,  0,  0,  0,  0,  0,  0,  0,  0,  0.99707,  0.983887,  0.993164,  0.981934,  0.987305,  0.994141,  0.99707,  0.969727,  0.992188,  0.991211,  0.99707,  0.996094,  0.996094,  0.99707,  0.986328,  0.989258,  0.994141,  0.986328,  0.993164,  0.989258,  0.987305,  0.995117,  0.990234,  0.994141,  0.996094,  0.983887,  0.986328,  0.984375,  0.992188,  0.989258,  0.998047,  0.97998,  0.980957,  0.985352,  0.99707,  0.992188,  0.995117,  0.992188,  0.985352,  0.983887,  0.994141,  0.988281,  0.986328,  0.979004,  0.98291,  0.994141,  0.991211,  0.994141,  0.983887,  0.931641,  0.97168,  0.947266,  0.977051,  0.988281,  0.989258,  0.955078,  0.975098,  0.975098,  0.989258,  0.990234,  0.987305,  0.981934,  0.948242,  0.96582,  0.983887,  0.961426,  0.972656,  0.984375,  0.950684,  0.981934,  0.967773,  0.988281,  0.983887,  0.918457,  0.960449,  0.95166,  0.955078,  0.970703,  0.979004,  0.946289,  0.970703,  0.969727,  0.97168,  0.973145,  0.987305,  0.983887,  0.942871,  0.96582,  0.96875,  0.929199,  0.976074,  0.972656,  0.938477,  0.983887,  0.949707,  0.975098,  0.978027,  0.965332,  0.959473,  0.966797,  0.956055,  0.989258,  0.992188,  0.924805,  0.958008,  0.967773,  0.990234,  0.987305,  0.986328,  0.97998,  0.96875,  0.97998,  0.980957,  0.953613,  0.972656,  0.945312,  0.959473,  0.963379,  0.952637,  0.981934,  2.5034e-06,  0,  1.19209e-07,  0,  -0.273438,  -0.161499,  100.312,  0,  0,  0,  0,  0,  0,  0,  0,  0,  0,  0,  0,  0,  0,  0,  0,  0,  0,  0,  0,  0,  0,  0,  -nan,  -nan,  9.63211e-05,  0,  0,  0,  8.58307e-06,  0,  0,  0,  0,  0,  0,  0,  0,  0,  0,  0,  -1976,  -0.163574,  100.312,  0,  -1600,  -0.163574,  100.312,  0,  0,  0,  0,  0,  0,  0,  0,  0,  0.408203,  -0.160889,  100.312,  0,  -1600,  -0.163574,  100.312,  0,  5.36442e-06,  0,  1.19209e-07,  0,  -0.273438,  -0.161499,  100.312,  0,  0,  0,  0,  0,  0,  0,  0,  0,  0,  0,  0,  0,  0,  0,  0,  0,  0,  0,  0,  0,  0,  0,  0,  0,  0.000104904,  0,  0,  0,  8.58307e-06,  0,  0,  0,  0,  0,  0,  0,  0,  0,  0,  0,  38400,  -0.160889,  100.312,  0,  -1744,  -0.163574,  100.312,  0,  0,  0,  0,  0,  0,  0,  0,  0,  -1616,  -0.163574,  100.312,  0,  -1744,  -0.163574,  100.312,  0,  2.74181e-06,  0,  1.19209e-07,  0,  -0.273438,  -0.161499,  100.312,  0,  0,  0,  0,  0,  0,  0,  0,  0,  0,  0,  0,  0,  0,  0,  0,  0,  0.928223,  0.955078,  0.96875,  0.967773,  0.916504,  0.980957,  0.992188,  0.992188,  0.976074,  0.984375,  0.970703,  0.949219,  0.979004,  0.965332,  0.955078,  0.966797,  0.983887,  0.972656,  0.987305,  0.989258,  0.977051,  0.988281,  0.96875,  0.973145,  0.966797,  0.977051,  0.980957,  0.976074,  0.988281,  0.981934,  0.995117,  0.991211,  0.993164,  0.992188,  0.987305,  0.977051,  0.990234,  0.977051,  0.96582,  0.963379,  0.991211,  0.976074,  0.994141,  0.992188,  0.978027,  0.994141,  0.990234,  0.987305,  0.992188,  0.984375,  0.996094,  0.991211,  0.998047,  0.993164,  0.999023,  0.995117,  0.999023,  0.998047,  0.995117,  0.995117,  0.998047,  0.986328,  0.990234,  0.990234,  0.99707,  0.990234,  0.998047,  0.99707,  0.994141,  0.99707,  0.99707,  0.994141,  0.946289,  0.956055,  0.975098,  0.926758,  0.985352,  0.966797,  0.991211,  0.977051,  0.986328,  0.977051,  0.97998,  0.958984,  0.976074,  0.958008,  0.902832,  0.961426,  0.978027,  0.973145,  0.981934,  0.977051,  0.96582,  0.987305,  0.965332,  0.966797,  0.978027,  0.979004,  0.975098,  0.974121,  0.978027,  0.97998,  0.991211,  0.981934,  0.983887,  0.985352,  0.984375,  0.961426,  0.987305,  0.978027,  0.949707,  0.96582,  0.986328,  0.986328,  0.984375,  0.986328,  0.961426,  0.988281,  0.985352,  0.976074,  5.36442e-06,  0,  1.19209e-07,  0,  -0.273438,  -0.161499,  100.312,  0,  0,  0,  0,  0,  0,  0,  0,  0,  0,  0,  0,  0,  0,  0,  0,  0,  0,  0,  0,  0,  0,  0,  0,  0,  0.000139236,  0,  0,  0,  8.58307e-06,  0,  0,  0,  0,  0,  0,  0,  0,  0,  0,  0,  43520,  -0.160889,  100.312,  0,  -2304,  -0.163574,  100.312,  0,  0,  0,  0,  0,  0,  0,  0,  0,  -2048,  -0.163574,  100.312,  0,  -2304,  -0.163574,  100.312,  0,  2.74181e-06,  0,  1.19209e-07,  0,  -0.273438,  -0.161499,  100.312,  0,  0,  0,  0,  0,  0,  0,  0,  0,  0,  0,  0,  0,  0,  0,  0,  0,  0,  0,  0,  0,  0,  0,  0,  0,  0.000156403,  0,  0,  0,  8.58307e-06,  0,  0,  0,  0,  0,  0,  0,  0,  0,  0,  0,  -1904,  -0.163574,  100.312,  0,  -2592,  -0.163574,  100.312,  0,  0,  0,  0,  0,  0,  0,  0,  0,  -2336,  -0.163574,  100.312,  0,  -2592,  -0.163574,  100.312,  0,  2.5034e-06,  0,  1.19209e-07,  0,  -0.273438,  -0.161499,  100.312,  0,  0,  0,  0,  0,  0,  0,  0,  0,  0,  0,  0,  0,  0,  0,  0,  0,  0.977051,  0.961426,  0.959473,  0.962402,  0.987305,  0.983887,  0.960449,  0.979004,  0.985352,  0.983887,  0.964355,  0.983887,  0.986328,  0.991211,  0.900391,  0.995117,  0.98291,  0.995117,  0.978027,  0.97998,  0.958008,  0.981934,  0.981934,  0.97168,  0.988281,  0.958008,  0.934082,  0.952637,  0.992188,  0.975098,  0.953613,  0.984375,  0.980957,  0.986328,  0.96582,  0.976074,  0.986328,  0.995117,  0.916016,  0.996094,  0.976074,  0.991211,  0.981934,  0.957031,  0.96875,  0.986328,  0.986328,  0.955078,  0.988281,  0.969727,  0.941406,  0.97168,  0.996094,  0.986328,  0.974121,  0.97998,  0.983887,  0.988281,  0.977051,  0.980957,  0.990234,  0.993164,  0.932617,  0.99707,  0.984375,  0.99707,  0.992188,  0.987305,  0.962402,  0.983887,  0.990234,  0.97998,  0.995117,  0.994141,  0.974121,  0.988281,  0.999023,  0.996094,  0.989258,  0.992188,  0.99707,  0.99707,  0.994141,  0.990234,  0.998047,  0.998047,  0.958008,  1,  0.998047,  0.999023,  0.99707,  0.994141,  0.989258,  0.998047,  0.994141,  0.995117,  0.980957,  0.976074,  0.948242,  0.960449,  0.992188,  0.986328,  0.974121,  0.98291,  0.989258,  0.993164,  0.96875,  0.977051,  0.991211,  0.994141,  0.887207,  0.996094,  0.984375,  0.993164,  0.973145,  0.962402,  0.973145,  0.988281,  0.97998,  0.975098,  4.88758e-06,  1.90735e-06,  1.19209e-07,  0,  -0.25,  -0.161499,  100.312,  0,  0,  0,  0,  0,  0,  0,  0,  0,  0,  0,  0,  0,  0,  0,  0,  0,  0,  0,  0,  0,  0,  0,  0,  0,  0.000207901,  0,  0,  0,  1.04904e-05,  0,  0,  0,  0,  0,  0,  0,  0,  0,  0,  0,  -3200,  -0.163574,  100.312,  0,  -3520,  -0.163574,  100.312,  0,  0,  0,  0,  0,  0,  0,  0,  0,  28160,  -0.160889,  100.312,  0,  -3520,  -0.163574,  100.312,  0,  0,  0,  0,  0,  0,  0,  0,  0,  26624,  -0.160889,  100.312,  0,  -3520,  -0.163574,  100.312,  0,  1.84774e-06,  0,  1.78814e-07,  0,  -0.214844,  -0.161499,  100.312,  0,  0,  0,  0,  0,  0,  0,  0,  0,  0,  0,  0,  0,  0,  0,  0,  0,  0,  0,  0,  0,  0,  0,  0,  0,  0.000228882,  0,  0,  0,  9.53674e-06,  0,  0,  0,  0,  0,  0,  0,  0,  0,  0,  0,  -46.75,  -0.158569,  100.312,  0,  -3808,  -0.163574,  100.312,  0,  0,  0,  0,  0,  0,  0,  0,  0,  -47.75,  -0.158569,  100.312,  0,  -3808,  -0.163574,  100.312,  0,  0.000381231,  0,  1.19209e-07,  0,  648,  -0.160889,  100.312,  0]
Unranked Memref base@ = 0x5645b11e7100 rank = 1 offset = 0 sizes = [1152] strides = [1] data = 
[0.995117,  0.988281,  0.988281,  0.977051,  0.986328,  0.995117,  0.99707,  0.97998,  0.980957,  0.994141,  0.996094,  0.993164,  0.999023,  0.991211,  0.991211,  0.98291,  0.994141,  0.996094,  0.99707,  0.98291,  0.984375,  0.995117,  0.981934,  0.995117,  0.973145,  0.962402,  0.941406,  0.950684,  0.944824,  0.987305,  0.977051,  0.902832,  0.944824,  0.957031,  0.97998,  0.954102,  0.993164,  0.976074,  0.945312,  0.924805,  0.970703,  0.964355,  0.980957,  0.956055,  0.949219,  0.97998,  0.957031,  0.980957,  0.996094,  0.994141,  0.984375,  0.98291,  0.985352,  0.995117,  0.996094,  0.978027,  0.987305,  0.992188,  0.995117,  0.986328,  0.999023,  0.992188,  0.991211,  0.983887,  0.993164,  0.996094,  0.99707,  0.989258,  0.990234,  0.995117,  0.988281,  0.993164,  0.976074,  0.959473,  0.964355,  0.961426,  0.956055,  0.990234,  0.984375,  0.960449,  0.94043,  0.969727,  0.987305,  0.953613,  0.992188,  0.965332,  0.961426,  0.935059,  0.977051,  0.980957,  0.992188,  0.974121,  0.955078,  0.985352,  0.976074,  0.96582,  0.994141,  0.984375,  0.96582,  0.979004,  0.981934,  0.994141,  0.996094,  0.973145,  0.976074,  0.991211,  0.992188,  0.976074,  0.99707,  0.984375,  0.97168,  0.981934,  0.992188,  0.990234,  0.995117,  0.983887,  0.97998,  0.993164,  0.984375,  0.989258,  0.746094,  0.224121,  0.989258,  0.528809,  0.731934,  0.188721,  0.206055,  0.96582,  0.238281,  0.450195,  0.814941,  0.89502,  0.645508,  0.108765,  0.92041,  0.240967,  0.17334,  0.40918,  0.234741,  0.247437,  0.519531,  0.192749,  0.500488,  0.677734,  0.0860596,  0.180908,  0.426514,  0.0470581,  0.306885,  0.827637,  0.888184,  0.0529785,  0.0518799,  0.876953,  0.581543,  0.783691,  0.0658569,  0.787598,  0.749512,  0.303955,  0.237793,  0.564453,  0.199219,  0.883301,  0.67334,  0.11969,  0.124207,  0.84668,  0.528809,  0.358887,  0.0940552,  0.0485229,  0.551758,  0.594727,  0.726074,  0.637695,  0.775879,  0.152588,  0.68457,  0.0825806,  0.980469,  0.572754,  0.135498,  0.032196,  0.449951,  0.717285,  0.815918,  0.515625,  0.504883,  0.565918,  0.819824,  0.742676,  0.130127,  0.0189819,  0.625977,  0.803223,  0.138672,  0.750488,  0.649902,  0.66748,  0.109314,  0.744141,  0.716309,  0.661133,  0.338867,  0.442383,  0.298584,  0.114624,  0.594727,  0.983398,  0.197144,  0.575195,  0.556152,  0.332764,  0.607422,  0.00612259,  0.0499268,  0.42334,  0.521973,  0.554688,  0.989258,  0.341553,  0.297607,  0.119202,  0.360596,  0.923828,  0.922852,  0.499268,  0.674316,  0.572754,  0.16687,  0.783203,  0.316895,  0.882812,  0.444336,  0.655762,  0.325195,  0.743164,  0.770508,  0.919922,  0.726562,  0.967773,  0.495361,  0.282715,  0.300293,  0.102661,  0.289062,  0.350098,  0.525879,  0.810547,  0.905273,  0.515137,  0.152466,  0.202759,  0.634277,  0.513184,  0.126587,  0.557129,  0.0122986,  0.800781,  0.129761,  0.179199,  0.583984,  0.446533,  0.0620728,  0.0285034,  0.102417,  0.387207,  0.771484,  0.873047,  0.307373,  0.498047,  0.840332,  0.802734,  0.780762,  0.140625,  0.905273,  0.0699463,  0.490967,  0.431396,  0.880859,  0.395996,  0.946289,  0.0331421,  0.598633,  0.581055,  0.546387,  0.725586,  0.99707,  0.983887,  0.993164,  0.981934,  0.987305,  0.994141,  0.99707,  0.969727,  0.992188,  0.991211,  0.99707,  0.996094,  0.996094,  0.99707,  0.986328,  0.989258,  0.994141,  0.986328,  0.993164,  0.989258,  0.987305,  0.995117,  0.990234,  0.994141,  0.996094,  0.983887,  0.986328,  0.984375,  0.992188,  0.989258,  0.998047,  0.97998,  0.980957,  0.985352,  0.99707,  0.992188,  0.995117,  0.992188,  0.985352,  0.983887,  0.994141,  0.988281,  0.986328,  0.979004,  0.98291,  0.994141,  0.991211,  0.994141,  0.983887,  0.931641,  0.97168,  0.947266,  0.977051,  0.988281,  0.989258,  0.955078,  0.975098,  0.975098,  0.989258,  0.990234,  0.987305,  0.981934,  0.948242,  0.96582,  0.983887,  0.961426,  0.972656,  0.984375,  0.950684,  0.981934,  0.967773,  0.988281,  0.983887,  0.918457,  0.960449,  0.95166,  0.955078,  0.970703,  0.979004,  0.946289,  0.970703,  0.969727,  0.97168,  0.973145,  0.987305,  0.983887,  0.942871,  0.96582,  0.96875,  0.929199,  0.976074,  0.972656,  0.938477,  0.983887,  0.949707,  0.975098,  0.978027,  0.965332,  0.959473,  0.966797,  0.956055,  0.989258,  0.992188,  0.924805,  0.958008,  0.967773,  0.990234,  0.987305,  0.986328,  0.97998,  0.96875,  0.97998,  0.980957,  0.953613,  0.972656,  0.945312,  0.958984,  0.963379,  0.952637,  0.981934,  0.770508,  0.843262,  0.563965,  0.939941,  0.576172,  0.513672,  0.260986,  0.54541,  0.213135,  0.251953,  0.0320129,  0.477783,  0.569824,  0.133545,  0.310059,  0.780273,  0.636719,  0.205811,  0.859863,  0.858887,  0.958984,  0.972168,  0.787598,  0.564453,  0.541504,  0.571777,  0.652832,  0.131958,  0.91748,  0.433105,  0.480957,  0.688477,  0.276367,  0.0447998,  0.628418,  0.852539,  0.558105,  0.88916,  0.397705,  0.771484,  0.141235,  0.429688,  0.249268,  0.710938,  0.563477,  0.559082,  0.491211,  0.200195,  0.765137,  0.35083,  0.0592957,  0.723633,  0.322998,  0.847168,  0.288574,  0.864258,  0.418701,  0.941406,  0.996582,  0.336426,  0.374512,  0.477295,  0.0249023,  0.650879,  0.521973,  0.65332,  0.50293,  0.0803833,  0.54248,  0.900879,  0.851562,  0.683594,  0.330566,  0.101074,  0.394287,  0.894043,  0.660156,  0.885254,  0.0940552,  0.425293,  0.236328,  0.15332,  0.14917,  0.55957,  0.00040555,  0.437744,  0.423828,  0.419189,  0.378906,  0.420166,  0.755859,  0.753418,  0.897461,  0.780762,  0.404053,  0.419678,  0.433594,  0.907227,  0.5,  0.976074,  0.808105,  0.351807,  0.65918,  0.138794,  0.452881,  0.0536499,  0.0327454,  0.11322,  0.938965,  0.126831,  0.538574,  0.175537,  0.280273,  0.687988,  0.734863,  0.280518,  0.125488,  0.158569,  0.699707,  0.504395,  0.578613,  0.455566,  0.257812,  0.476318,  0.236084,  0.662109,  0.895996,  0.669922,  0.569336,  0.395996,  0.645508,  0.377441,  0.748047,  0.305176,  0.516113,  0.200806,  0.358643,  0.548828,  0.313965,  0.297852,  0.675781,  0.852539,  0.473389,  0.956055,  0.540527,  0.20813,  0.236572,  0.666016,  0.366699,  0.936523,  0.170166,  0.945801,  0.391846,  0.427979,  0.421875,  0.62793,  0.0899048,  0.318115,  0.297607,  0.65918,  0.713867,  0.943359,  0.036499,  0.461914,  0.248413,  0.552734,  0.663086,  0.606934,  0.928223,  0.955078,  0.96875,  0.967773,  0.916504,  0.980957,  0.992188,  0.992188,  0.976074,  0.984375,  0.970703,  0.949219,  0.979004,  0.965332,  0.955078,  0.966797,  0.983887,  0.972656,  0.987305,  0.989258,  0.977051,  0.988281,  0.96875,  0.973145,  0.966797,  0.977051,  0.980957,  0.976074,  0.988281,  0.981934,  0.995117,  0.991211,  0.993164,  0.992188,  0.987305,  0.977051,  0.990234,  0.977051,  0.96582,  0.963379,  0.991211,  0.976074,  0.994141,  0.992188,  0.978027,  0.994141,  0.990234,  0.987305,  0.992188,  0.984375,  0.996094,  0.991211,  0.998047,  0.993164,  0.999023,  0.995117,  0.999023,  0.998047,  0.995117,  0.995117,  0.998047,  0.986328,  0.990234,  0.990234,  0.99707,  0.990234,  0.998047,  0.99707,  0.994141,  0.99707,  0.99707,  0.994141,  0.946289,  0.956055,  0.975098,  0.926758,  0.985352,  0.966797,  0.991211,  0.977051,  0.986328,  0.977051,  0.97998,  0.958984,  0.976074,  0.958008,  0.902832,  0.961426,  0.978027,  0.973145,  0.981934,  0.977051,  0.96582,  0.987305,  0.965332,  0.966797,  0.978027,  0.979004,  0.975098,  0.974121,  0.978027,  0.97998,  0.991211,  0.981934,  0.983887,  0.985352,  0.984375,  0.961426,  0.987305,  0.978027,  0.949219,  0.96582,  0.986328,  0.986328,  0.984375,  0.986328,  0.961426,  0.988281,  0.985352,  0.976074,  0.732422,  0.0376587,  0.0454407,  0.712402,  0.975586,  0.123718,  0.131226,  0.867188,  0.290771,  0.294922,  0.296631,  0.20105,  0.0953369,  0.818848,  0.544434,  0.37793,  0.894531,  0.217285,  0.886719,  0.281494,  0.749512,  0.687012,  0.664551,  0.394775,  0.482422,  0.950684,  0.790527,  0.330322,  0.215698,  0.992676,  0.101929,  0.948242,  0.030426,  0.147461,  0.660645,  0.00590897,  0.270996,  0.791992,  0.873047,  0.562012,  0.0866699,  0.169556,  0.763184,  0.182007,  0.98877,  0.307617,  0.560059,  0.882812,  0.524902,  0.446533,  0.164429,  0.274414,  0.133667,  0.828613,  0.668945,  0.616211,  0.779785,  0.459717,  0.946289,  0.995117,  0.452393,  0.0483398,  0.943359,  0.48291,  0.195801,  0.604004,  0.48877,  0.466797,  0.395752,  0.361572,  0.0287628,  0.482422,  0.53125,  0.791504,  0.664551,  0.52002,  0.0992432,  0.224365,  0.402832,  0.624023,  0.670898,  0.567383,  0.898438,  0.804688,  0.395996,  0.567871,  0.420898,  0.175659,  0.0272827,  0.367188,  0.170898,  0.479736,  0.415527,  0.114319,  0.962402,  0.611328,  0.718262,  0.451172,  0.078125,  0.114075,  0.812988,  0.106873,  0.59668,  0.344238,  0.898438,  0.260986,  0.864258,  0.998047,  0.485352,  0.266846,  0.62207,  0.15625,  0.833984,  0.520508,  0.960938,  0.230103,  0.0881348,  0.381592,  0.405762,  0.115417,  0.749023,  0.57666,  0.595215,  0.164307,  0.690918,  0.557617,  0.775879,  0.40918,  0.00888062,  0.854004,  0.523438,  0.821777,  0.960449,  0.119751,  0.165894,  0.859375,  0.380615,  0.029953,  0.856934,  0.865723,  0.296875,  0.479248,  0.022171,  0.130981,  0.999512,  0.98291,  0.361084,  0.0877686,  0.364746,  0.76709,  0.203247,  0.113525,  0.343506,  0.79834,  0.277832,  0.0343933,  0.355957,  0.0535278,  0.443604,  0.364746,  0.907227,  0.966797,  0.186523,  0.868164,  0.0866089,  0.352539,  0.727051,  0.467285,  0.977051,  0.961426,  0.959473,  0.962402,  0.987305,  0.983887,  0.960449,  0.979004,  0.985352,  0.983887,  0.964355,  0.983887,  0.986328,  0.991211,  0.900391,  0.995117,  0.98291,  0.995117,  0.978027,  0.97998,  0.958008,  0.981934,  0.981934,  0.97168,  0.988281,  0.958984,  0.934082,  0.952637,  0.992188,  0.975098,  0.953613,  0.984375,  0.980957,  0.986328,  0.96582,  0.976074,  0.986328,  0.995117,  0.916016,  0.996094,  0.976074,  0.991211,  0.981934,  0.957031,  0.96875,  0.986328,  0.986328,  0.955078,  0.988281,  0.969727,  0.941406,  0.97168,  0.996094,  0.986328,  0.974121,  0.97998,  0.983887,  0.988281,  0.977051,  0.980957,  0.990234,  0.993164,  0.932617,  0.99707,  0.984375,  0.99707,  0.992188,  0.987305,  0.962402,  0.983887,  0.990234,  0.97998,  0.995117,  0.994141,  0.974121,  0.988281,  0.999023,  0.996094,  0.989258,  0.992188,  0.99707,  0.99707,  0.994141,  0.990234,  0.998047,  0.998047,  0.958008,  1,  0.998047,  0.999023,  0.99707,  0.994141,  0.989258,  0.998047,  0.994141,  0.995117,  0.980957,  0.976074,  0.948242,  0.960449,  0.992188,  0.986328,  0.974121,  0.98291,  0.989258,  0.992188,  0.96875,  0.977051,  0.991211,  0.994141,  0.887207,  0.996094,  0.984375,  0.993164,  0.973145,  0.962402,  0.973145,  0.988281,  0.97998,  0.975098,  0.881348,  0.09375,  0.169556,  0.91748,  0.02034,  0.268555,  0.13855,  0.0891724,  0.600586,  0.51416,  0.584473,  0.527344,  0.351562,  0.961914,  0.561523,  0.661621,  0.615723,  0.571289,  0.27124,  0.221558,  0.574707,  0.1026,  0.770996,  0.101379,  0.225342,  0.0150528,  0.551758,  0.765137,  0.432373,  0.386963,  0.77002,  0.313965,  0.480713,  0.939453,  0.231201,  0.500977,  0.208008,  0.369873,  0.590332,  0.808594,  0.883789,  0.174805,  0.335693,  0.235474,  0.136963,  0.897461,  0.896973,  0.75293,  0.468506,  0.168213,  0.974609,  0.0434265,  0.270752,  0.745117,  0.144775,  0.496094,  0.760254,  0.696289,  0.260986,  0.192627,  0.0835571,  0.0309601,  0.506348,  0.564453,  0.970215,  0.737793,  0.0655518,  0.178467,  0.107544,  0.655762,  0.986816,  0.991211,  0.830566,  0.32251,  0.226807,  0.967773,  0.220093,  0.12384,  0.720703,  0.688477,  0.291992,  0.694824,  0.731934,  0.562988,  0.440186,  0.876953,  0.0590515,  0.200439,  0.573242,  0.320068,  0.393066,  0.656738,  0.351074,  0.899414,  0.221191,  0.321533,  0.637207,  0.286865,  0.5,  0.744629,  0.942871,  0.486816,  0.736328,  0.773438,  0.80957,  0.962891,  0.741211,  0.0295563,  0.086792,  0.461914,  0.718262,  0.378906,  0.15686,  0.449951,  0.941895,  0.597168,  0.326904,  0.000767708,  0.797363,  0.899902,  0.320801,  0.190308,  0.557129,  0.671875,  0.0897217,  0.77832,  0.993652,  0.727051,  0.0650024,  0.493408,  0.47168,  0.00771713,  0.980469,  0.207642,  0.78125,  0.790039,  0.170654,  0.522461,  0.819336,  0.257324,  0.984375,  0.537598,  0.63623,  0.141113,  0.987793,  0.578125,  0.737793,  0.314453,  0.578613,  0.535156,  0.214478,  0.899902,  0.725586,  0.771484,  0.571777,  0.81543,  0.549316,  0.56543,  0.54248,  0.614258,  0.0587463,  0.0138779,  0.62207,  0.0391235,  0.221558,  0.40332,  0.829102,  0.39209]
